7.104524224996566772e-02
3.226384520530700684e-02
1.219187825918197632e-01
2.924706786870956421e-02
7.856804132461547852e-02
2.982467599213123322e-02
4.490152373909950256e-02
4.732229188084602356e-02
5.058928951621055603e-02
9.581047296524047852e-02
1.392671745270490646e-02
1.872192919254302979e-01
1.207177340984344482e-01
5.228152126073837280e-02
6.599171459674835205e-02
2.788293175399303436e-02
8.372967690229415894e-02
2.227738872170448303e-02
3.474491462111473083e-02
9.038356691598892212e-02
1.488115191459655762e-01
1.143701002001762390e-02
7.036261260509490967e-02
5.441058799624443054e-02
1.759674400091171265e-02
7.418300211429595947e-02
5.563980713486671448e-02
2.356834858655929565e-01
1.963041163980960846e-02
2.061662822961807251e-01
1.194909773766994476e-02
9.419906884431838989e-02
7.151144742965698242e-02
2.042766064405441284e-01
2.996822074055671692e-02
2.606424093246459961e-01
9.253635071218013763e-03
1.730912923812866211e-01
6.728275213390588760e-03
1.081334128975868225e-01
5.661719292402267456e-02
6.092235445976257324e-02
3.847347199916839600e-02
1.488970220088958740e-01
3.930664155632257462e-03
8.555024117231369019e-02
5.927711259573698044e-03
1.785263121128082275e-01
1.556059718132019043e-02
8.486769348382949829e-02
