4.661797359585762024e-02
1.399600654840469360e-01
7.836181670427322388e-02
3.431465923786163330e-01
9.960150718688964844e-02
1.236026212573051453e-01
6.293994933366775513e-02
6.924469023942947388e-02
1.006137654185295105e-01
9.421363472938537598e-02
4.099385142326354980e-01
2.857305854558944702e-02
1.938672661781311035e-01
1.599410176277160645e-01
2.086285650730133057e-01
4.411001205444335938e-01
7.946469634771347046e-02
6.240434944629669189e-02
4.248677194118499756e-02
1.712629497051239014e-01
3.579854071140289307e-01
6.743250489234924316e-01
1.273077726364135742e-01
6.548076122999191284e-02
1.468408703804016113e-01
6.176720932126045227e-02
9.214732050895690918e-02
8.614230901002883911e-02
2.702078521251678467e-01
2.678453624248504639e-01
7.519811391830444336e-01
2.493052035570144653e-01
1.738850474357604980e-01
8.173424005508422852e-02
2.281801998615264893e-01
8.751887083053588867e-02
2.310161441564559937e-01
1.096777990460395813e-01
4.025125205516815186e-01
1.021447479724884033e-01
3.419746458530426025e-01
4.018031954765319824e-01
3.708868324756622314e-01
9.672203660011291504e-02
2.150175273418426514e-01
5.110656097531318665e-02
1.372219026088714600e-01
6.437388062477111816e-02
1.576305925846099854e-01
6.293620169162750244e-02
