9.439131021499633789e-01
6.076059341430664062e-01
1.022076606750488281e+00
7.191125750541687012e-01
8.436976075172424316e-01
8.178861141204833984e-01
8.180862665176391602e-01
8.951554298400878906e-01
7.443730831146240234e-01
1.156962633132934570e+00
4.450455904006958008e-01
1.159399747848510742e+00
1.928945899009704590e+00
8.000188469886779785e-01
8.126778602600097656e-01
7.027231454849243164e-01
9.466370344161987305e-01
8.648476600646972656e-01
1.051733136177062988e+00
1.067267656326293945e+00
1.045707345008850098e+00
5.964276790618896484e-01
9.119322896003723145e-01
1.105186820030212402e+00
9.754094481468200684e-01
1.145953774452209473e+00
1.076383948326110840e+00
1.070912003517150879e+00
8.761085271835327148e-01
1.372396230697631836e+00
5.776374340057373047e-01
7.393847107887268066e-01
9.952101111412048340e-01
1.362728476524353027e+00
5.321358442306518555e-01
9.944826364517211914e-01
7.195101976394653320e-01
1.338297009468078613e+00
8.558459281921386719e-01
9.040769934654235840e-01
9.839678406715393066e-01
1.260872006416320801e+00
7.783606052398681641e-01
1.210848927497863770e+00
5.840737819671630859e-01
1.297050595283508301e+00
5.341305136680603027e-01
1.481339931488037109e+00
6.514986157417297363e-01
1.225413560867309570e+00
