5.067017674446105957e-01
5.226714015007019043e-01
5.100113749504089355e-01
5.209957361221313477e-01
5.164301991462707520e-01
4.971179962158203125e-01
4.751948714256286621e-01
6.327209472656250000e-01
5.020858049392700195e-01
5.083448886871337891e-01
5.486690998077392578e-01
5.325824022293090820e-01
6.520968675613403320e-01
5.121656060218811035e-01
5.215495824813842773e-01
5.288422107696533203e-01
5.354689359664916992e-01
4.705819189548492432e-01
5.093380808830261230e-01
5.743060708045959473e-01
5.663501620292663574e-01
5.360001325607299805e-01
5.031708478927612305e-01
5.144095420837402344e-01
5.191382765769958496e-01
4.867013692855834961e-01
5.414836406707763672e-01
6.640614271163940430e-01
5.623332858085632324e-01
5.634641647338867188e-01
5.771039724349975586e-01
4.769049584865570068e-01
5.116702318191528320e-01
5.750547051429748535e-01
5.646656751632690430e-01
5.129147768020629883e-01
5.229740738868713379e-01
6.153078675270080566e-01
5.211485028266906738e-01
4.711159169673919678e-01
5.781911015510559082e-01
5.528426170349121094e-01
5.357943177223205566e-01
5.822578668594360352e-01
5.435549020767211914e-01
5.608922243118286133e-01
5.777944326400756836e-01
6.272120475769042969e-01
5.795741677284240723e-01
6.007361412048339844e-01
